694643904934576148
806527360915865651
771175790804205579
704402041799442574
352220623071608834
415234751264325642
876899655227699240
876323221643878450
865957827956965376
852984881004281886
700857608709603358
689683491431907329
600445576437301259
892953129237250068
581528112513155072
941090512608301096
840193737124741161
771576982617194507
548729091583377418
532012809211346974
789920500339048465
856760698221756436
754766284004261891
594943258988118049
871385842009120799
842720591919972412
811612515975823382
762300207161409576
800166420859322368
671870279106035763
856179135700140104
823592869574475837
918876171368820746
840397925917655060
795102650882195476
755104345464373298
781110679952031774
474166831595126794
761277398267330621
812304469349367819
933323466193653820
751447819268915221
669527884666503178
473979289478627328
826596605419454474
728553275644837918
777738232807817217
930188406833692732
782526941563191306
881704218484940821
936109709629472769
879598201404026931
706589519603957760
438347167745441793
883534566063738901
830927543438802975
781024346399309835
784194537820127283
652927873727856691
870057349610635264
903730952772149278
739042123894096004
704719600386048080
739912840319860738
690713501995630672
736028662343663697
699735908844437524
917981465508196402
468961516247318549
710329141903360011
480306058728833037
608923423263031338
744107097976995890
693412070435061790
468590491630567424
882387137331359774
442955383078649857
645686139918745603
694249050844692600
816007294839029831
528840128630751232
714465322148560908
870441749061984287
393973027668361217
816000998920683550
525808148187971604
536013724809691158
742109050384285766
831218878527832074
747818999533797376
938232142935261194
810947455603572787
717458893894320149
605667122747670548
666777035246665732
293744170944954369
470959638829989888
874838093612593223
695991358267064370
661047500840632326
945777135631622184
776128410547126322
528471170027225108
302915036492333067
724954990690697329
672109812389117975
281535861848276993
439948609606123521
572029474745352202
917996820498632704
735317078734667808
404433533395009565
307779006957355009
816450253073940490
655812330189225994
455333217830961153
350796584327315477
574754991739240463
462496205977681931
616455548338176033
230458593382629376
846223415899455509
870086483254579210
771930691037954048
886303684894523514
557063288232476695
263016284877357056
733815981767655498
441414327837392896
244756048328523776
272932466900205568
356268235697553409
159985870458322944
515067662028636170
614109280508968980
270904126974590976
302050872383242240
155149108183695360
410138706490425344
828861323353915422
184405311681986560
530082442967646230
294882584201003009
547905866255433758
720351927581278219
646937666251915264
772642704257187840
276060004262477825
711428816127393844
468281173072805889
493716749342998541
432610292342587392
116275390695079945
439205512425504771
408785106942164992
282859044593598464
346353957029019648
578258045889544192
736888501026422855
739936819721797642
722418701852344391
536991182035746816
247283454440374274
280497242714931202
844984615504707616
926135043993260102
896669007225167922
814944265746382879
649334237069180954
668918980949442612
896201728687505428
580064776529510420
884953256739078205
709104930987835402
847889470933827656
527476422542098442
912192895782649898
842218941748609034
676544938258989077
769534195344736268
543413888558039040
929024696706551870
361383846434045964
763671833789857802
739487694983397448
762728618199351296
829833729513488404
848654149070618674
853101510064865291
394172483391193090
866952922516422667
323682346320658445
653906282620649472
875680576475123733
861305038641954828
772879240147632148
742875432314994720
924676302701756487
900197935751520267
804542265154207744
830692720984195112
446770084636000256
308295871735267328
775360458215391252
344967656572715008
850876529567203338
404583780221714443
924674878798430298
696456648591409223
880585449935097926
894306405501243473
852623049734750249
926575033772544020
586065605895913483
891975871303397417
633981633988657173
791231631213985832
757301404460122192
793124789015412777
832866514688278548
721084799254659093
862397321806479380
659599648645972008
882018252560158750
757455881150398536
698803100810739762
809287771965227048
733077631783927958
844726986852007956
901408908470550529
811512590101381170
885600144442130492
503914046408622096
930494926083461180
857732820805615667
901617299658801182
799525781474770975
924685844974018601
543933349811453953
885134354123202620
756103371206950973
821798966609051740
900448219836870668
741070060222808175
617343950415593483
298830992804675584
929153964522471484
776472542260494347
807767343207809035
898229766178603079
809313819146846228
218524594087264267
861493853692100608
531223441601331225
347085872027664384
818215518799921183
678199047432962068
469930386512805888
648430525106618378
926666241479942204
410318009127665665
794999800763645953
804759048880259094
853264374717087764
915226252330303488
860331836274507846
544503895108616223
469441400564350980
928819915530588191
640436316038889483
655105896736751626
838465727512969226
681671874861727803
881190905489539113
709066794983227524
861354647724621834
915778124413804544
437563360733691914
653677969478385717
764668459254415421
759394810909294594
856116167805632533
437634640837083136
826453139333840937
410936265765289986
601393381117263897
353224498427985922
596412244858765354
532612197084430336
745799998838669403
881212647075377182
356048059018248205
664280292554440705
824464558721597511
715924777289908284
926579668965019749
896876087651483698
679588237030850582
727274736840867882
454708756073414658
579340527015559188
807220013035290674
720133986399158305
796143325329489970
932206326224924672
759807078700941393
836185328347512863
936742190661652550
836938903025090591
796950012885729361
303435950028095489
798569705006694501
718088733626466335
749560301397082213
857262433877885038
786980256732151849
763145098824515604
784591699787120711
930972210066231326
708788140470435912
753618100678557727
459373865932685324
789649354675322911
922472176580440074
750408208199319802
470028678345261066
532747516236660757
927539575050600498
322448569619578890
699364193941323837
486497040696737802
852671092278558730
738599856997793828
482790558926897182
591726854935674888
844157354107076629
877180450869747732
859346283167875092
406879448072454154
842177050127106048
827963326591926323
400527284437778433
715621848489918495
919287673133350972
939631123699482694
780449155360489503
751654612569686016
693540162621145198
495438325746892830
778259563467767828
783118830523908096
784235150334492672
830667305309437965
798125745230053387
797354898396020757
815952933799460865
857405361131487273
766999600854728734
691760808052391958
761347985334075454
681696702633476122
925691410336870431
688201088897122399
467092500687880202
408426809290391566
497074433270218752
795400553831465002
763164294459424779
659038301331783680
840736220832595968
909837606857089095
256620031553568768
776336469181595649
579120404548026368
775024158509236265
814133051378499635
847221970088230962
736015562991206461
802281419018862593
696219419092713514
240854160352870400
758052225514733619
432902342564773889
697771072812089384
600804012295585835
635686129324130307
824968127183323165
628281598369988619
824952022494609428
914076439727439902
274543049999384579
811043807478284331
764465255660781578
205077926306250753
893624750448980069
919977432981852282
260497568813809664
404215733183053824
796574452430274581
399308566445686784
856363783597457418
944837637410283520
689727261309534213
793610542887075901
928315842989523035
642777474878406698
512698823169277954
128790933746614272
864865405461331988
739604661186854965
573870956406243338
460825014371876865
906842069870473216
617064022046670863
699427373220888626
338009195997691904
341185336921292800
653187900392865803
922362951594295336
395018653868883969
252618562651291649
155160510541725696
554033436705292298
460732875579588609
760205822231314503
852656701353623573
874882357365198888
614728104560033802
822113104690282558
759041224144453652
389229164743491584
201460431846506496
691962265347555329
823716911300476978
907070760005271622
547870047834472481
729885857405730838
889066828205281321
694176370938347530
749177898392354896
778460481458536478
909140526589165658
618111790982758465
214161896276754434
885106550266548226
818924315089174568
738808301675872357
595084686749990912
723306516463222875
834629720548048927
868598195079499816
506298002881773579
263366874123730944
300070162848153600
514179015565901853
746625185276493894
867346630855491591
283587092359938049
461934889248489505
287765994812735490
691302501592334427
832250643430768650
770277049113378897
694673026934898717
235148962103951360
704715110245203989
893319928206196778
909026615374274571
477722491431682048
723397499423031376
597090336908509200
671850289606950950
707055676412788777
767460957898407978
771017420134416426
717899052800278588
861540862181900288
855458766798323743
642750269855367206
762994423680204800
737789306604748920
809926339620503634
800431511555014716
646198925686210580
806448856388599869
892415353773232129
772273884648964106
605927415704846338
755477544177893427
474228324890050560
759800012531826688
886092340136128584
429304356266049547
704663686463356949
754287396077436958
476465945347489814
352146083973169191
209039460120264704
789657949404528650
476948640213237760
875301499243208725
532122205832609802
883859801174597682
701333404653977652
630222638802927636
855120764758917170
299218506925211649
915187039434072095
410810558041030658
384046505042116610
790742040488443934
292574094740946945
825957037287669762
898906112483549237
571295886802419734
641148845514031124
826992812922634280
260556600597676042
792577082567163925
664581978326171648
780766365912006657
887008848941023274
769562241417609217
714527333817778307
236536444317990912
674918234431946789
889007449699414086
493470366593974273
835204017973100596
415610707275546646
907355329531101226
815488966513524758
299778166296412162
774771096922357780
579023323921514537
894974847539621918
818465660035137536
940385791719395393
487200807436156939
666361377648279592
722049640937291918
712192562135302176
892166373931905045
428536235833688095
807924693239332864
518017627822489613
371600728394825729
781150674469650482
572895983587950667
720001825184677900
947920661681152182
668207174542950402
625797988119478313
810488459478171649
518752336856743949
552104474018054175
616137728228196373
648312691727007764
666808452445634581
687905657084444713
857201854983438357
598202679440834588
447040496905486346
460600868874616843
426845431679680513
770454716232630292
732341585588781056
610733872505815050
926671694943383582
451572352975896576
483999059179470868
833458044503195707
766807216770514974
479406610092130305
934520370504032296
644570502911754262
708519144194179092
707163155649789962
858907584865501224
930057928789082112
722479848877981736
944550265263095828
910691110010122290
287623116690030594
818911253996896287
848198475942199327
623423028394721291
910595004492304424
778800606550163506
394267585010597899
694629525107114144
720654995728629770
727223183010168872
755168757525250189
911445815199928330
925136667801710603
823137997968375809
282571297253490689
491016853150367755
715953898367615057
823571642214383646
659784361176072193
665214898502107157
788593307038515261
776145104074440705
847221788583657513
910737147877793822
586006195286966313
933895721327923250
698048511760924773
930096051900280882
168569344584843265
470284781083688960
716340082034081803
606107412465713152
830736020482818088
875175601563119676
582281401509085211
445642861715783697
603541200863100959
837643082462789664
580531297127235594
446823293756899338
781595468798754817
803741177101811713
552137519115010049
637383409844617236
238978595895246851
860508475805270066
392214509093257216
699344538770210826
864467857425694730
854348752755490857
933700840760442960
697094555635417158
882816667040759838
698566037276459088
825172231583825950
736418987235213322
809109298692882483
756374508142723210
864598869689368615
792080530186698782
756402779337129985
618296067510894592
872258589589393440
464058503523205120
417429534627987456
584588373767749633
271534367954698240
693986712946343947
749592215491313706
806377718006022205
901367823950024754
834457505698021386
869020562507321354
866799162581319690
723729892679745548
914372813706645564
913290566433914930
368802542131347477
867957040172134431
852882949820907531
727405678095761518
756678817195491419
738012852782104696
824816718585135134
719632373318287390
876954584239710209
899055006546788382
698677494064349265
552678091877515265
552065466584137729
338113430101688323
596327081386967040
928032640328695849
721378916106895371
470219949206536192
706714905260064799
576859863389437967
782986659481518081
432650758949699604
804020178571493431
818957387829870603
252733607234371585
835752207197929492
798869861270814772
463364764349759528
800121978102612089
438485379201368064
702384569701236736
556737026649489438
788309792434290699
564648295553564682
765664075463000125
763549310859477003
877009768630337536
535518981247729664
712046159417311392
710605184774045707
930942993022713866
730195362425602130
669399901997891584
363896277882241026
763821794108375103
426037552630202370
582917261787004940
706227071382323281
664300522886660107
847568227017162763
480858230164160513
835758285629030400
815252088526995506
758332518188974161
866751819698667600
676791367548141578
924394015032492113
530417252957290497
881297884946006056
429783636422819841
800056485450350613
816800481137131571
829568270356447232
781602057286713395
563015607583244319
772479039125585981
924685480979759165
844734785929609246
525224080337797120
882774141944598578
662792876966805527
927580052420460556
681318087651491890
714899362295316652
580930956613910540
925156596835844097
904495919167315978
931929146945327185
383769285991989248
778595387748909077
890144077989941248
645750605016596480
533056224409681920
638804635053719581
881382325085171743
321471247999303684
387403804871753728
822993816138285056
669608323116695582
842805997134413894
805933515026989086
881258265437175858
668926138483081246
866793119072256011
842943430614188042
774795803004633149
345556441404538880
719815861069938738
280314338005352450
772933738199646249
548191686933872644
808410697859596388
287176994104410112
759401930865901589
336223021184581653
740506554746535956
901556716402004038
201242282551279618
212403535831105536
705876991387238461
499260156648095745
849706068921679932
864842352936878132
651883004792274974
870505070104563732
726600795356659822
718149878957736068
758758378654400562
530051040934887447
561770720858996736
723728189880533124
615776986731905035
694676776332296256
639956969897328640
266673350519029771
647405479932198932
680909889413054493
754515391966871592
779569653626044417
818222965619163186
935271020795928576
897653079703420938
349003539999227904
508645465621790720
475965660237922335
847226706251350038
847222480305389588
559546483171655692
719683325287071826
803983341668925480
800153381833801728
929108266720563251
263900426615783424
792021035238817843
725649394204147723
809318051551510549
662840799977013274
723540610434203671
770945431806148628
795079339586224150
407081338865188865
815841647267020801
796174829912326174
866208096702562314
920054336409698334
723590214588563539
473860328820572183
374256027232632847
911004003561791498
745210337422475317
289429923544956928
760061045376286731
853461212154429450
850436890791903282
923676173148495922
688075878303137801
557166261109260288
741842190770110474
639843313930731531
903614551981981726
763530968795316285
814253937262854207
751473225757622392
813411496892956673
200355961469140992
418124377297649677
759016252068593714
882028441925460021
414161467387150342
698486347635228723
902570441942634526
563965806325661696
818881728520257576
928709979718946857
611903943571669002
764172433220829186
741504389654642811
374014233500844032
713046712620679178
659567227502067714
763002426948059137
770300073778085910
523683479607705600
806554232706695228
626164483341156374
335613328154165260
903827319297282079
930779141865885697
726189306074628176
193565364985004032
882470370156904518
829036034838495292
835729218998108230
861173536126140446
707925805078151271
764192349794336869
875936108368756796
865444944939974697
765547261764698152
428273977312673793
902847935358836787
751406519886545036
164803491607478273
741548048517300255
853423465830809600
876308678767181915
838037073831002142
819526186883219476
509401113447890964
917838977208291389
419134215637172224
242719367215841280
858546389252702249
725700039342555207
172779505323212800
871620645442686976
543346860492980252
896674357273837579
899922660002267167
462321210756300810
478621820111552514
708029317958992032
768141365614870559
547787500521783296
746794823146668104
396687544571396099
826440349056499723
827061294464761887
750740898949759117
471525580395773964
911220547143208960
444776308363362304
439085873854676997
633793048307826691
818587900589375488
503479559341998080
796395693203259402
620745297630330890
799387696555884594
770449325330923531
734455906758295672
888493728338169897
613425086254415880
761291390076190771
361351065167200258
569488616854650900
726249170113134624
896872889989619772
780299103359074325
822555798689415170
559205725092446238
210859451694055426
727912311913971782
924660257639260231
605481739275599872
848208645308153868
791579685733400587
487371588300308504
798253470745493524
791506087144194059
795535856236363816
791850238176002099
868740849331216464
600746828203425822
587565149909549066
942504812526841897
901926576210452530
853709442747334726
746104594861391884
750779332237983924
915925099792695336
649807178089234442
909247204072505395
863614603292311572
708279337891397703
268440979839647754
833293739244912690
539822987470438410
813619546270728205
533704196784914433
938140001655480391
634393562611580938
816834798793654302
761604567640047657
771855179871813732
793185441712963624
398128261135073281
598701608611741696
452875962040713257
510628919326539791
735360518302203995
441036228767252481
603909779542507531
940918786754748466
486012463699984389
247162947644686338
890782586077581362
715699856467034133
820507935872385035
796728917355528232
740672352563626113
784152322761949236
830229029449629697
740245475164422316
891622924186963978
715506986413981709
810080169049587732
690395354658504755
527196975288811521
779211128374427668
178488140309200897
762324897707589633
534105982658150421
494539931616542730
568079250544918538
785945609386328074
941340280190279690
818015599686844457
834071047150108744
522131999381520385
837326788413227038
705194688378044427
740699490599698493
837839084591644712
765786850320842782
878915075518398525
809992457886236713
741142994660360273
713723093448654899
872968340652576808
324333748625604608
261645621876883460
779421682603393044
728411122444533830
902184197697962035
515292965757779978
847856540693823571
880643643684323338
891042879307415603
492429500244819979
907937124500799528
617792560659824756
589427021939998733
799994956861014057
856760624083369984
588696351051743257
896506501189992468
709890440471511120
945581027278073866
897142183008808960
706810195929464892
495240799752028161
614098784590233640
829092470536405024
720987649170604093
533315391183650826
816169568254296075
930971419477680178
663100104017838126
771023860158038077
814885232539861043
433578129420713995
619190158264107008
689059245110722620
790815674359742474
611429466484244487
633416995928539143
875888591862116403
635178983398572038
786266561894940714
693966929404362752
507277188677238786
329903871461949441
626382291362512906
753717010684313781
773626839456415775
795013419781587004
885189624232812566
723708391863877702
307942761129181184
786437661216473099
799961348015390720
924680277568147508
926824107524370432
704501323462213673
836274110869930014
446293859266330624
744075321069928493
889173825420394526
416908132011343875
575787244548390923
895202029264306197
342844079752871936
480509563791998979
778660481735852082
281108133517197312
615787537998413834
801070211146842163
767957484585222145
796807380657897514
775535004050260000
762672805824167956
804264915308642345
939823898076258375
676255714645377044
600533018360414208
516974102255501313
516135290390183939
768740723025248306
930475212888211487
785836194336079874
792561137371316234
886200311117660171
203783451982168064
594926149789024279
821139916426838098
141550762948952065
722778087313375243
376855653412634655
558101515198529540
391058255029469226
678334105397493788
568555954082414623
928766365278548039
627496501177876490
709418871022682144
522169560749703213
562609441921433606
568333114691026944
416597065708208128
774986138267680800
813953405159473173
929934045188620328
917377991280037888
649777707676336150
489128537349947399
926681135591870495
880707007420719165
616289414179586059
734924558712176755
807186789831671828
490043174794952717
374141429330608140
717739651837853737
512592719676178433
355865647517007873
511725495545757699
556502742924001282
714815553742831686
772364516428087328
886974065032695898
882509834417750026
751806523625439252
597642812594323456
765218563967025153
792839599725740112
845328072999305317
502830089008840707
419654502430277645
707062294533767218
788928211571834921
589698584618729473
720137137093083217
429246492071559188
863778139717238804
222934962767265792
907526912052707399
506764974614511616
100628838937034752
919330477511434300
899020940472643584
715681463726506036
727146077039362068
825266553624854569
918800847859752960
768479937836351520
867870536717303827
647188579306438657
929201638516879410
706144403361759332
635820569429934080
500959886884995093
944654437916504124
823051934763057182
921701484209520740
603941365348565004
713097576634646588
803078467021176832
106286546964996096
794353948551151666
581555978806231195
746643968053346365
806274542930100275
244162287252930572
870837171383320606
889078808177672194
743417463919607828
294586478884028416
418516804730880003
510451989658861568
771827430217613363
649256290090221601
896840164545019924
934839275915202611
853679863096279070
898713680961732729
916103917597777970
611897481755885578
736197542244778115
796164301726810172
759447238694535208
744997472534921398
602532283806777344
907058235280851034
711391404588531752
340521845201698828
429816241947934741
885829072050085908
893071131609821225
897887533956997180
904157018879832125
923692907876192297
802203937066582026
614915275334352901
683417020527542277
800870041666846741
783855861113028620
770521150710611988
823973380364697623
877312345653800990
579089681879269377
928541882462638120
705742646404186112
710671613057695774
248145218203811842
289215355451342858
762542104467210251
697718681056313346
794235520405733386
399331302421299210
819229941345943562
801727318128721930
863357659633942558
827795829117026324
542796318045765642
419298528997670912
899123493021560852
744037458148327487
852705925747441675
634553097628155910
805311859770392576
638870907154202637
651151854687748116
800047868412035072
723122058984161371
891540063576535090
677007775389188096
852070095358656573
769059852588154912
863173028929077299
758332069704237078
813297569374535690
595572994819096599
723425438957043764
694687505563254814
519303300705812491
351413152476299264
837747263694045205
793357554767626261
874650759621402634
588599495508623362
839847347931316284
845520392479440896
799534114575220738
466005004331909151
817490426742571029
751276046803927083
717747678225629184
818955904409272320
748320880253206530
693598423672160367
727534689081885236
463555253766455306
389023063573790721
855241382343999508
747471815206633602
810201641696493620
797383942546259998
134820971155554314
744890523885633587
200765847386456074
758765570300182599
527951363171287070
722632860049080401
830871537455333478
701066679479697478
449638049853210646
853642560462389298
857768857447170068
394841402678444034
942726809735278622
710205245216784496
925225830282575922
713786950011715636
675533033159524364
706233279329730580
748145559830790235
732620550559760424
512688622718287895
825703473890197524
832695337532522506
752186554109394966
771264225792098326
798576301459636254
533814031312617503
726749556242645094
826526369902755841
822214987992268831
758427330421981235
856926143688998963
805362004348895243
492672165229887498
772183252525776896
730538941509402674
894738783310843924
526195581140467712
849920571898855444
780319934076813323
763810125256720445
839498778800291920
455445889952251919
429317639790133248
766956440257953792
873962545239711764
870473047528845362
530417219163652110
747546418494832772
686633189673795683
309593577564930048
798017121509965864
713355273846390815
785205615492202518
649008958052237344
846953509014339586
886985710018641921
526577467515731969
607684264162623489
609459637112143929
519131355431436289
884189929259794462
206757577827024896
854680889664733204
844627274636197888
748698676431421492
714306550126084147
455681091857154059
485097562425131040
872035498632294420
893595647285030912
497595155545718784
867332709474893834
942248003970928640
229313173558132736
430367056165339186
710219328846430348
711554108146057276
803647688108277830
453644949653553152
921509065107066940
876087281608445984
896479368711385088
879647844586364940
755741481628729354
826509087838830653
710650993334943806
544187058290163744
817627534270791681
914445892180906005
852742138420002827
558443210284990494
839182057543958528
346482832463495168
728661713322246164
585179891016663062
686866089774546955
557071557806260234
356276041179856898
908521683911065620
947078743875280896
646109017168674817
432318632173764609
667551272697593856
834405458118443028
832714144658489404
240512970063478784
597224568758992916
815070827896111164
793819761771282443
548109777914429461
713980106653040710
940444215635243109
737064363248058380
778898238320934912
819551863975182337
374339647246958592
811580935601913886
185043245816872960
563922991168094208
94111691075231744
645288698014859264
650507606468853791
645794715685486593
894524956916990033
836086434582626355
678046178943959050
180382710127132672
811405439346016317
406910018643034113
503438516576059392
375108996832690176
863386153171550228
846837023922192444
858371148291375115
834044115057901569
690573473596047371
781158799733030993
835588903578370118
150122030870691840
411618665805643779
872945245178974239
891677496632832052
771798296264048650
735417344171442177
850084199834189875
689640551527743520
444165850925236235
927942988737433701
364809530347094019
496160859081670658
924707213824655410
334364009828712452
459011998378885120
845657699273408563
769318372076552213
761246248841248769
697502580833517678
490970663058800667
618412370800410660
196346835214925825
793724459840307240
582343217937383446
891011484119891988
508824808604303360
696810671798747158
742921957711937637
835254616080777247
777235162274332692
664989475864051715
638195689406595090
146178934680059904
646686321099931658
924611329392783360
847583990117957693
724008527508799570
792188036674224138
844977462122381384
750126713232425011
896771549263179786
280376443823980544
934171018736586802
577243997517381632
891843520195854377
243563778237530123
635049864753053707
359251710935302145
614063207715307530
809425580604784680
719935359152291842
726349381464490026
110471635718397952
764517030615318529
866519822103609344
929028839034728480
812380624643293185
548978430381785118
717627096620597260
820780986899890206
817971060184055848
389382604958203904
376436708251533312
930168327689625640
342773908975648770
905510098321932398
700539610039582781
644953866559029289
607086885092851734
612530079225872394
764280282273677353
884872174198988870
666580665348915220
722951741787603076
722136057692553366
931149779856150608
882615771166035999
649988736687407124
436217890807480330
551744747362844672
883926181374734346
673671685324406794
806077601772077137
535338636707889163
759830363341062195
738423928954814594
582954577951850497
387714560133431296
907062809358114816
710772180593541150
796318823632338944
852990198023192616
844625806968881212
413502308211490816
864858232949440582
871699443664191519
543864591143141380
883165950055153665
718409837624688651
161114122916724736
925072928444416010
859322830193557504
790459638146662447
713827616834060432
910491041440870470
805514471312982026
720898757419335700
930093598832222288
856042685626449920
505037708666863616
645261679550267415
371412375435214860
832550843008942100
828372439226384384
899428541228281866
533517645878919179
855027404698943509
913124541339955211
351032284943482890
371050481088200705
340780722065375243
917377901668732928
433378675438780418
563256301421854730
891729851327873086
349087657294430208
710163731866321007
748155430613680208
561986910441046029
909469529636212797
483189653344878612
722239062328606751
332280157610049546
865498970259849226
374767653966839818
924721803006443612
833451356073099275
688894103555145747
360229998294073345
913144090697281536
730659126585065513
746807446432907356
650125725604511774
900218373168857088
487119509673607168
672721813926707201
614964981670084610
147802163572113408
889775123345833994
805024811709104129
166339105842528265
852665869465157713
468527746688090113
888391871120945192
679354642173526019
424646584458936330
424293082935328779
943913360301383681
779082638291501096
818624760069226576
750914553503809606
800475721200959488
830733447365525504
729284998926041110
761939418256506880
429465570900180999
937738684118224926
585571949003014144
798376585127395349
874410173505101835
619897541558796324
463372802507145226
253703368344600586
739312709165908048
792250240782434312
810883705858031636
812090292022542417
827138440533114890
231377260999999488
834874784310886444
834469306380582963
823972433907548200
845472313554108536
941023815352324096
683087544090624018
745186716645720106
733849818463731762
778843445028061196
381474768785768458
913122722173825025
742766403844833331
478112788426915840
320309075243958273
924678582159179796
754246278006833209
614222988367102001
222733028017963008
778322887890960425
470004711941079041
755913640481129522
844260229323161610
892274918765502514
827755059856277504
936559121623285810
710278522350075995
648098744826593300
512619034714439701
583510277970984981
479706467356901386
775074861445939230
895960734448631818
816339829612216322
911972938713014302
769178647637655593
773366381324009493
894992920451625030
523219848327856148
748256426383769792
619864733457055745
909508556267606107
725784591993929760
854909531770978304
731181659231223823
473558004596211712
435591732327874570
817158353780342825
821071692729155584
763949901377306665
182927818596810753
849015891303464971
824014082528772106
743524456378662994
925174576365838436
868327517734457385
438102117308301313
829026981131321475
890586443280429076
940336093931376710
753107146895523840
925974022372622356
705889840599662652
805556303807119370
617462341365137408
907065371138355290
929153990380384409
837368581472911430
835532035506307092
340641595210596358
712579166528077835
747399814915817502
795494662965690400
720597533310713936
718497536469499925
763262507921833996
722713776800923668
417376348772892672
794154115172532224
863243001601720371
452062127088336907
736229353783951371
411578408175403008
815556066817081375
916648177199878155
857235137506443264
506476203369168906
234792204458131456
872418717441622096
449576192211812372
912142057768894464
772611141268275231
930508006297321482
871986898028101672
899318401279885394
914110620364832769
326808283778252810
295107857706123264
665335109628723253
626426417789403146
685744187034828853
836994880139821066
919373925698375760
875073794690129940
751305529858588732
763808518691618868
617868083943440394
910538472442441779
827162144549634048
668451143503970325
247633283309895680
542812947349504000
796327935924502539
924682075032944650
625393024838402058
659599576306810891
605962196010270720
723505441262272565
572154339544662089
730473542050775081
402078874529431553
457437498558119956
900430909696794635
857455747784900610
495829956040065034
769094650874167316
505752938791305239
890633496798842901
545268493323337738
607068642961522698
735504752862953582
930878512812929044
195455852939837440
876615433925566554
801922240723025971
349955485211951114
803737966857289811
696002011425931355
219624578765422592
326080306107121674
751532734387716269
390821386244980756
556565737251143728
787075180240437269
786287755419451422
557026279036026890
685502879619874886
650173744551034880
827229518610563153
742022058602659860
802437791207391244
751564995996680323
852582244450828309
847029954045673472
694341727238094999
680499751275462670
368055284301561856
896898389181071371
575708908690210826
97086694540464128
493855139455565825
868084061720166401
789858492193570817
788943118052884521
680364501123858440
674447246997061632
942795014340227092
556025079872356372
939928444786049045
559462989137182721
704234460169896017
752198388962820156
805677746478776320
807293290117464125
722478137035849880
635982582596763649
787651306227630150
472817168480731189
841134966154592286
348335556784029708
918409057407213598
761937220138696724
733375040866877487
879759504651198534
571814402064646186
767428801142456361
770308230953173013
791290729795551243
846802616117886996
413239903627771904
876584802726346752
854238577416470538
926002649629876294
704242250502373396
843008135195131935
869071651294281758
412591338278879232
782040614027264020
834565328657973269
709220085826453604
503928520259665923
706956125081305149
526503812186243093
624234549286797332
787385545243361321
667176153110413334
851619309155516447
669952746321084447
513054007741382677
870414880455417966
868614765956706335
585873503643893760
460821953486520331
852760232378892329
924679003841916949
924289780487950387
143067914340270080
888112579883434074
769795287589453824
678608181391392774
846005756096282664
837348601175867412
668148445609066526
762161472771850250
798678995636977715
311260603283144704
105901072689692672
833716988169158666
486886790280642571
857492892322627634
772450196197867581
847047138206023680
914725210714963968
519028928518815744
890472114187038730
614456168823390208
839607817345302529
730054460054962197
799180741573214208
698449368797151232
552298815957368842
384259545826066432
553872406943629333
711667141539135654
690175883385765892
829785619718078484
471638722996338698
436982195815710720
506318049641627648
821537251212132380
677170012712206336
301081332866351104
693315806439669790
177172152334680064
837481595153416223
939890269015400518
802399414513041428
485479799079436309
796525797593710602
712983303921074186
908410789973594242
658675968503840799
758075057179328542
895003878960013342
881204023171104829
816831506982371339
763075186832179221
905104219575578634
164021016719261696
802625400357781536
495652046121467924
848914522889650206
922077747604508712
210615273710026752
854610923465211924
702946774431825920
905892219066646578
846773899856576512
761151213852688426
761306329494847508
855476978520817754
687356890338033741
455377915295694859
822074120064991232
824212063634587669
630398135092379669
724552953096044605
854085562881409024
477500416683409408
877478103436369951
340496418659762177
862082971484684359
691677971202965635
763855000802820137
821075958576054292
852753717525610497
483331945057615902
503143165461528576
603164398235680768
203892349301030912
346697293828718592
572825333825273857
810691103639994368
585435748589633536
752405910143500328
761981410235383808
829120864955793418
893732230835363903
642886699592187927
276410765978632193
912419437527830539
821089704673148979
925059841528066068
785087770787184640
561900413847207966
792070591540232194
553527830135177226
709188916611252266
702768704055803925
464134611581009920
851707193619120150
301146625944977408
896219784016969790
337958306008137729
877258278600601622
442049330107645952
776169927861600306
834963873416347659
664211560238940161
884819013224509480
839493366508814397
701154201337856012
388451798391980033
705650132888190977
748596103653359657
678941431238492182
812755211701583914
774633521275994112
480187041196408832
790425244958982155
905294022938083328
760885232089038878
648543070903599145
774946610148278293
413685041042817024
780775719713374208
898195585079857192
753127260004810822
537974582703816724
850425298838093865
551996020930641922
852896603022032916
602636223449792534
714514927951413310
676769583310438430
802149523324534784
313003830855860225
663081535477383180
601880141051723793
716399805697359964
479554468422221835
591763301747261461
921494872446365736
661788756449165314
695561564052520974
819254959953805323
572757535468290059
663255358109646848
135508029910024192
872107390533763072
645118064911843328
549808673006944277
924671522793226272
801394968572592149
857975762514477056
466297425661919263
771481290000171031
615628905289613528
500507369554444289
840691619644964884
774658242001109042
348366791866843136
725019170147794954
747483633077583973
540980256950059024
770940731203387403
527833975918690305
775000333033275402
395642217114370048
808133730551332925
725691608770674778
605708745552429056
616277717360312321
890042559836086313
488815570293096448
620638543286370314
299704434139856897
700358121826156635
511708096721321984
838227664569237504
872576974529384489
527987788113772574
482900581023744011
653503429506760707
338055317067792394
805817623090692116
734306434703032410
433860531842056202
719384531114786928
820626698038673481
757038915898048703
794938565049974843
894670194750935121
922951965162471475
772362500670226442
904545179216793614
640335790295220226
886399668626526238
869061630120587314
485249759867699206
550503750930923567
807409175508156486
878977998110462023
334077768994127882
324920661380431872
638780024430002196
702108516592386078
722539659686838312
695736354201534525
896001431679688714
643920499902119976
929982780782305311
885571643756408913
862186822285525003
916257342616637501
565560810492133397
807430090182361108
750945756936011776
846682944152403978
779415397010505748
738925027252109424
897548666003415131
694828060477882378
847221920884719673
847221760079167529
716939314042241086
773514116760862730
697118952374927450
685960774161924116
736804496939941949
926464812089757727
466539648110559232
331057375408685066
838566202473054229
722135809809055814
877202929344462949
567533406850646026
742768576724729937
915335010939179068
576815243599282193
695992520118894592
590667427595943958
513707604560707594
693397092583866378
801563065991561216
811222447801892904
834115503295430717
810290840798756885
369143151178416131
305391828419739648
848970747564916796
716750397494132807
779387364501487707
432513823216369664
849902656520060998
696428024639389887
826929661107503186
729757852981526662
903777175214387220
388300956523167744
827517011440828456
768474824224931870
753617951529238628
894853522611392552
585460082683412500
891010529034920037
727218172393947206
870057347526033429
687971368569929732
726291932346843228
852617716464353360
833510058016505866
604491205102927883
924787169934053377
720092700627566654
689575436132286693
277854987244011521
827485335365615636
675674809186648123
388017556218445825
814916774705364993
680433476104880263
808529284867948544
500666200938905600
301382715977105408
538780499389448232
824604521597763605
867884306167627806
728242662280527963
808086362061668372
757312114267258970
531591561788784660
863269403855421491
773938489732759603
904022193900499034
735152587917230153
777403033465913354
757168881881055283
566635616918437889
265385463093788673
577523513766838289
715282819219193888
721191545658671155
612571345540218880
607561348397662210
882466128352391178
767621343670829076
625786742863036447
435695240544780307
818239240961261618
929153984147619921
754847811819929612
862706474625794118
900623481673248768
838341915312128020
552894285872234536
457964954440564758
721081544143536130
490480167538524186
824760009014378566
903473276209229894
862465210724122634
456602874286178304
849540543976701963
833768094274551899
829374563699392652
365159070228807681
751031998448926790
812572040074231858
757735568758276217
579796484992663562
609584971371380736
746859956346683442
662569979476049940
689900469296037982
826864023177134170
300236156824453120
734320543695634493
819659946714333195
553384782180909057
750354439461797949
756852630046769262
401880215644667904
714600045466353745
787805367463182337
543870791108919307
821750683443134494
773362604147605544
745999948406980658
716673399555883207
893177187723788318
321449696684015618
547315265503887360
747551641536036895
733141655988731906
750993274533314570
305341747267895297
310454087411957762
467685116005842944
718643766348480572
824953657065865236
400381478934020116
871114690468646983
707609990604521538
694209026430599168
726454077831249940
790042086647791637
521331132139044885
876123861098311700
515734671645212703
759990420398145536
925853617469136926
830562515255558206
863023929525403659
647633301791571978
796631376287105045
853030015394381844
749628780712296488
567299237428068356
485497007151251467
808491578087178261
499531140315742208
610925768528101393
912978040085168139
727291668243546164
770402300744957993
795346029439615037
868924882191282257
460788475994832897
816759067913224223
704342665646440538
895854062476615761
880877361707503668
645993993338880021
295630328054415361
538437543549599745
836313709398851604
737196937090039880
810731529495511086
715952262077481061
780341175458594869
706832806407438336
748642156281069698
484618646489137154
717864533947056128
783223086014660678
499884329292529667
906914857520103454
629722918711984148
745466376642232441
828963098173767760
761717228621004852
722625006466498630
570319132440920088
762760092617146388
489883207601487873
766243691152801823
855264992110051338
759772603858026497
773636559718973490
928705250750238750
673208067659137055
857886701569048586
742934379705270405
804602209185955841
839543361526693919
800470994770591754
701039921355423804
503147247513370624
434692786453872660
639234141224697857
871997747102892063
763524889159139348
763685395489488906
788472598815703051
792333344905494538
776305919751094302
749078429013377121
892581345291821099
727985357013909574
692900072748351489
766392240075440138
898736533924884501
931270378951704618
626103908095492096
769258928491462667
